<:CC:719894545827102791>
300


5273350003567318|08|2022|635
5273350003452750|08|2022|673
5273350003830286|08|2022|108
5273350003008156|08|2022|117
5273350003736350|08|2022|990
5273350003130075|08|2022|936
5273350003087044|08|2022|440
5273350003380506|08|2022|487
5273350003146543|08|2022|150
5273350003305347|08|2022|672
5273350003248315|08|2022|914
5273350003005442|08|2022|297
5273350003183025|08|2022|587
5273350003468434|08|2022|455
5273350003002373|08|2022|739
5273350003623160|08|2022|216
5273350003715743|08|2022|454
5273350003586003|08|2022|729
5273350003876545|08|2022|580
5273350003580063|08|2022|560
5273350003234505|08|2022|654
5273350003578562|08|2022|035
5273350003174651|08|2022|685
5273350003825625|08|2022|532
5273350003078621|08|2022|154
5273350003613245|08|2022|158
5273350003256870|08|2022|826
5273350003111067|08|2022|873
5273350003406566|08|2022|245
5273350003653084|08|2022|205
5273350003125745|08|2022|117
5273350003327853|08|2022|404
5273350003874045|08|2022|388
5273350003785035|08|2022|441
5273350003021720|08|2022|844
5273350003335187|08|2022|146
5273350003757448|08|2022|473
5273350003718804|08|2022|220
5273350003048780|08|2022|704
5273350003584800|08|2022|816
5273350003006077|08|2022|556
5273350003327747|08|2022|421
5273350003017413|08|2022|768
5273350003525472|08|2022|553
5273350003161518|08|2022|207
5273350003077581|08|2022|277
5273350003436787|08|2022|266
5273350003584610|08|2022|386
5273350003628623|08|2022|062
5273350003018767|08|2022|320
5273350003140645|08|2022|705
5273350003132667|08|2022|508
5273350003065651|08|2022|753
5273350003241047|08|2022|141
5273350003476726|08|2022|707
5273350003587514|08|2022|266
